(kicad_pcb (version 20171130) (host pcbnew "(5.1.6)-1")

  (general
    (thickness 1.6)
    (drawings 22)
    (tracks 141)
    (zones 0)
    (modules 23)
    (nets 1)
  )

  (page A4)
  (layers
    (0 F.Cu signal)
    (31 B.Cu signal)
    (32 B.Adhes user)
    (33 F.Adhes user)
    (34 B.Paste user)
    (35 F.Paste user)
    (36 B.SilkS user)
    (37 F.SilkS user hide)
    (38 B.Mask user)
    (39 F.Mask user)
    (40 Dwgs.User user)
    (41 Cmts.User user)
    (42 Eco1.User user)
    (43 Eco2.User user)
    (44 Edge.Cuts user)
    (45 Margin user)
    (46 B.CrtYd user)
    (47 F.CrtYd user)
    (48 B.Fab user)
    (49 F.Fab user)
  )

  (setup
    (last_trace_width 0.25)
    (user_trace_width 0.5)
    (user_trace_width 1.5)
    (trace_clearance 0.2)
    (zone_clearance 0.508)
    (zone_45_only no)
    (trace_min 0.2)
    (via_size 0.8)
    (via_drill 0.4)
    (via_min_size 0.4)
    (via_min_drill 0.3)
    (uvia_size 0.3)
    (uvia_drill 0.1)
    (uvias_allowed no)
    (uvia_min_size 0.2)
    (uvia_min_drill 0.1)
    (edge_width 0.05)
    (segment_width 0.2)
    (pcb_text_width 0.3)
    (pcb_text_size 1.5 1.5)
    (mod_edge_width 0.12)
    (mod_text_size 1 1)
    (mod_text_width 0.15)
    (pad_size 1.74 2.19)
    (pad_drill 1.19)
    (pad_to_mask_clearance 0.05)
    (aux_axis_origin 0 0)
    (visible_elements 7FFFFF7F)
    (pcbplotparams
      (layerselection 0x010e0_ffffffff)
      (usegerberextensions false)
      (usegerberattributes true)
      (usegerberadvancedattributes true)
      (creategerberjobfile true)
      (excludeedgelayer true)
      (linewidth 0.150000)
      (plotframeref false)
      (viasonmask false)
      (mode 1)
      (useauxorigin false)
      (hpglpennumber 1)
      (hpglpenspeed 20)
      (hpglpendiameter 15.000000)
      (psnegative false)
      (psa4output false)
      (plotreference true)
      (plotvalue true)
      (plotinvisibletext false)
      (padsonsilk false)
      (subtractmaskfromsilk false)
      (outputformat 1)
      (mirror false)
      (drillshape 0)
      (scaleselection 1)
      (outputdirectory "PCB/"))
  )

  (net 0 "")

  (net_class Default "This is the default net class."
    (clearance 0.2)
    (trace_width 0.25)
    (via_dia 0.8)
    (via_drill 0.4)
    (uvia_dia 0.3)
    (uvia_drill 0.1)
  )

  (module Connector_PinHeader_2.54mm:PinHeader_1x06_P2.54mm_Vertical (layer F.Cu) (tedit 59FED5CC) (tstamp 5F670488)
    (at 79.375 74.803 90)
    (descr "Through hole straight pin header, 1x06, 2.54mm pitch, single row")
    (tags "Through hole pin header THT 1x06 2.54mm single row")
    (fp_text reference REF** (at 0 -2.33 90) (layer F.SilkS) hide
      (effects (font (size 1 1) (thickness 0.15)))
    )
    (fp_text value PinHeader_1x06_P2.54mm_Vertical (at 0 15.03 90) (layer F.Fab) hide
      (effects (font (size 1 1) (thickness 0.15)))
    )
    (fp_line (start 1.8 -1.8) (end -1.8 -1.8) (layer F.CrtYd) (width 0.05))
    (fp_line (start 1.8 14.5) (end 1.8 -1.8) (layer F.CrtYd) (width 0.05))
    (fp_line (start -1.8 14.5) (end 1.8 14.5) (layer F.CrtYd) (width 0.05))
    (fp_line (start -1.8 -1.8) (end -1.8 14.5) (layer F.CrtYd) (width 0.05))
    (fp_line (start -1.33 -1.33) (end 0 -1.33) (layer F.SilkS) (width 0.12))
    (fp_line (start -1.33 0) (end -1.33 -1.33) (layer F.SilkS) (width 0.12))
    (fp_line (start -1.33 1.27) (end 1.33 1.27) (layer F.SilkS) (width 0.12))
    (fp_line (start 1.33 1.27) (end 1.33 14.03) (layer F.SilkS) (width 0.12))
    (fp_line (start -1.33 1.27) (end -1.33 14.03) (layer F.SilkS) (width 0.12))
    (fp_line (start -1.33 14.03) (end 1.33 14.03) (layer F.SilkS) (width 0.12))
    (fp_line (start -1.27 -0.635) (end -0.635 -1.27) (layer F.Fab) (width 0.1))
    (fp_line (start -1.27 13.97) (end -1.27 -0.635) (layer F.Fab) (width 0.1))
    (fp_line (start 1.27 13.97) (end -1.27 13.97) (layer F.Fab) (width 0.1))
    (fp_line (start 1.27 -1.27) (end 1.27 13.97) (layer F.Fab) (width 0.1))
    (fp_line (start -0.635 -1.27) (end 1.27 -1.27) (layer F.Fab) (width 0.1))
    (fp_text user %R (at 0 6.35) (layer F.Fab)
      (effects (font (size 1 1) (thickness 0.15)))
    )
    (pad 6 thru_hole oval (at 0 12.7 90) (size 1.7 1.7) (drill 1) (layers *.Cu *.Mask))
    (pad 5 thru_hole oval (at 0 10.16 90) (size 1.7 1.7) (drill 1) (layers *.Cu *.Mask))
    (pad 4 thru_hole oval (at 0 7.62 90) (size 1.7 1.7) (drill 1) (layers *.Cu *.Mask))
    (pad 3 thru_hole oval (at 0 5.08 90) (size 1.7 1.7) (drill 1) (layers *.Cu *.Mask))
    (pad 2 thru_hole oval (at 0 2.54 90) (size 1.7 1.7) (drill 1) (layers *.Cu *.Mask))
    (pad 1 thru_hole rect (at 0 0 90) (size 1.7 1.7) (drill 1) (layers *.Cu *.Mask))
    (model ${KISYS3DMOD}/Connector_PinHeader_2.54mm.3dshapes/PinHeader_1x06_P2.54mm_Vertical.wrl
      (at (xyz 0 0 0))
      (scale (xyz 1 1 1))
      (rotate (xyz 0 0 0))
    )
  )

  (module Capacitor_THT:C_Disc_D4.7mm_W2.5mm_P5.00mm (layer F.Cu) (tedit 5AE50EF0) (tstamp 5F665B68)
    (at 90.17 52.578 180)
    (descr "C, Disc series, Radial, pin pitch=5.00mm, , diameter*width=4.7*2.5mm^2, Capacitor, http://www.vishay.com/docs/45233/krseries.pdf")
    (tags "C Disc series Radial pin pitch 5.00mm  diameter 4.7mm width 2.5mm Capacitor")
    (fp_text reference C2 (at 2.5 0) (layer F.SilkS)
      (effects (font (size 1 1) (thickness 0.15)))
    )
    (fp_text value C_Disc_D4.7mm_W2.5mm_P5.00mm (at 2.5 2.5) (layer F.Fab) hide
      (effects (font (size 1 1) (thickness 0.15)))
    )
    (fp_line (start 6.05 -1.5) (end -1.05 -1.5) (layer F.CrtYd) (width 0.05))
    (fp_line (start 6.05 1.5) (end 6.05 -1.5) (layer F.CrtYd) (width 0.05))
    (fp_line (start -1.05 1.5) (end 6.05 1.5) (layer F.CrtYd) (width 0.05))
    (fp_line (start -1.05 -1.5) (end -1.05 1.5) (layer F.CrtYd) (width 0.05))
    (fp_line (start 4.97 1.055) (end 4.97 1.37) (layer F.SilkS) (width 0.12))
    (fp_line (start 4.97 -1.37) (end 4.97 -1.055) (layer F.SilkS) (width 0.12))
    (fp_line (start 0.03 1.055) (end 0.03 1.37) (layer F.SilkS) (width 0.12))
    (fp_line (start 0.03 -1.37) (end 0.03 -1.055) (layer F.SilkS) (width 0.12))
    (fp_line (start 0.03 1.37) (end 4.97 1.37) (layer F.SilkS) (width 0.12))
    (fp_line (start 0.03 -1.37) (end 4.97 -1.37) (layer F.SilkS) (width 0.12))
    (fp_line (start 4.85 -1.25) (end 0.15 -1.25) (layer F.Fab) (width 0.1))
    (fp_line (start 4.85 1.25) (end 4.85 -1.25) (layer F.Fab) (width 0.1))
    (fp_line (start 0.15 1.25) (end 4.85 1.25) (layer F.Fab) (width 0.1))
    (fp_line (start 0.15 -1.25) (end 0.15 1.25) (layer F.Fab) (width 0.1))
    (fp_text user %R (at 2.5 0) (layer F.Fab)
      (effects (font (size 0.94 0.94) (thickness 0.141)))
    )
    (pad 2 thru_hole circle (at 5 0 180) (size 1.6 1.6) (drill 0.8) (layers *.Cu *.Mask))
    (pad 1 thru_hole circle (at 0 0 180) (size 1.6 1.6) (drill 0.8) (layers *.Cu *.Mask))
    (model ${KISYS3DMOD}/Capacitor_THT.3dshapes/C_Disc_D4.7mm_W2.5mm_P5.00mm.wrl
      (at (xyz 0 0 0))
      (scale (xyz 1 1 1))
      (rotate (xyz 0 0 0))
    )
  )

  (module Resistor_SMD:R_1206_3216Metric_Pad1.42x1.75mm_HandSolder (layer B.Cu) (tedit 5B301BBD) (tstamp 5F664848)
    (at 86.36 71.12)
    (descr "Resistor SMD 1206 (3216 Metric), square (rectangular) end terminal, IPC_7351 nominal with elongated pad for handsoldering. (Body size source: http://www.tortai-tech.com/upload/download/2011102023233369053.pdf), generated with kicad-footprint-generator")
    (tags "resistor handsolder")
    (attr smd)
    (fp_text reference REF** (at 0 1.82) (layer B.SilkS) hide
      (effects (font (size 1 1) (thickness 0.15)) (justify mirror))
    )
    (fp_text value R_1206_3216Metric_Pad1.42x1.75mm_HandSolder (at 0 -1.82) (layer B.Fab) hide
      (effects (font (size 1 1) (thickness 0.15)) (justify mirror))
    )
    (fp_line (start 2.45 -1.12) (end -2.45 -1.12) (layer B.CrtYd) (width 0.05))
    (fp_line (start 2.45 1.12) (end 2.45 -1.12) (layer B.CrtYd) (width 0.05))
    (fp_line (start -2.45 1.12) (end 2.45 1.12) (layer B.CrtYd) (width 0.05))
    (fp_line (start -2.45 -1.12) (end -2.45 1.12) (layer B.CrtYd) (width 0.05))
    (fp_line (start -0.602064 -0.91) (end 0.602064 -0.91) (layer B.SilkS) (width 0.12))
    (fp_line (start -0.602064 0.91) (end 0.602064 0.91) (layer B.SilkS) (width 0.12))
    (fp_line (start 1.6 -0.8) (end -1.6 -0.8) (layer B.Fab) (width 0.1))
    (fp_line (start 1.6 0.8) (end 1.6 -0.8) (layer B.Fab) (width 0.1))
    (fp_line (start -1.6 0.8) (end 1.6 0.8) (layer B.Fab) (width 0.1))
    (fp_line (start -1.6 -0.8) (end -1.6 0.8) (layer B.Fab) (width 0.1))
    (fp_text user %R (at 0 0) (layer B.Fab)
      (effects (font (size 0.8 0.8) (thickness 0.12)) (justify mirror))
    )
    (pad 2 smd roundrect (at 1.4875 0) (size 1.425 1.75) (layers B.Cu B.Paste B.Mask) (roundrect_rratio 0.175439))
    (pad 1 smd roundrect (at -1.4875 0) (size 1.425 1.75) (layers B.Cu B.Paste B.Mask) (roundrect_rratio 0.175439))
    (model ${KISYS3DMOD}/Resistor_SMD.3dshapes/R_1206_3216Metric.wrl
      (at (xyz 0 0 0))
      (scale (xyz 1 1 1))
      (rotate (xyz 0 0 0))
    )
  )

  (module Resistor_SMD:R_1206_3216Metric_Pad1.42x1.75mm_HandSolder (layer B.Cu) (tedit 5B301BBD) (tstamp 5F664828)
    (at 86.36 68.58)
    (descr "Resistor SMD 1206 (3216 Metric), square (rectangular) end terminal, IPC_7351 nominal with elongated pad for handsoldering. (Body size source: http://www.tortai-tech.com/upload/download/2011102023233369053.pdf), generated with kicad-footprint-generator")
    (tags "resistor handsolder")
    (attr smd)
    (fp_text reference REF** (at 0 1.82) (layer B.SilkS) hide
      (effects (font (size 1 1) (thickness 0.15)) (justify mirror))
    )
    (fp_text value R_1206_3216Metric_Pad1.42x1.75mm_HandSolder (at 0 -1.82) (layer B.Fab) hide
      (effects (font (size 1 1) (thickness 0.15)) (justify mirror))
    )
    (fp_line (start -1.6 -0.8) (end -1.6 0.8) (layer B.Fab) (width 0.1))
    (fp_line (start -1.6 0.8) (end 1.6 0.8) (layer B.Fab) (width 0.1))
    (fp_line (start 1.6 0.8) (end 1.6 -0.8) (layer B.Fab) (width 0.1))
    (fp_line (start 1.6 -0.8) (end -1.6 -0.8) (layer B.Fab) (width 0.1))
    (fp_line (start -0.602064 0.91) (end 0.602064 0.91) (layer B.SilkS) (width 0.12))
    (fp_line (start -0.602064 -0.91) (end 0.602064 -0.91) (layer B.SilkS) (width 0.12))
    (fp_line (start -2.45 -1.12) (end -2.45 1.12) (layer B.CrtYd) (width 0.05))
    (fp_line (start -2.45 1.12) (end 2.45 1.12) (layer B.CrtYd) (width 0.05))
    (fp_line (start 2.45 1.12) (end 2.45 -1.12) (layer B.CrtYd) (width 0.05))
    (fp_line (start 2.45 -1.12) (end -2.45 -1.12) (layer B.CrtYd) (width 0.05))
    (fp_text user %R (at 0 0) (layer B.Fab)
      (effects (font (size 0.8 0.8) (thickness 0.12)) (justify mirror))
    )
    (pad 1 smd roundrect (at -1.4875 0) (size 1.425 1.75) (layers B.Cu B.Paste B.Mask) (roundrect_rratio 0.175439))
    (pad 2 smd roundrect (at 1.4875 0) (size 1.425 1.75) (layers B.Cu B.Paste B.Mask) (roundrect_rratio 0.175439))
    (model ${KISYS3DMOD}/Resistor_SMD.3dshapes/R_1206_3216Metric.wrl
      (at (xyz 0 0 0))
      (scale (xyz 1 1 1))
      (rotate (xyz 0 0 0))
    )
  )

  (module Resistor_SMD:R_1206_3216Metric_Pad1.42x1.75mm_HandSolder (layer B.Cu) (tedit 5B301BBD) (tstamp 5F6647D9)
    (at 86.36 66.04)
    (descr "Resistor SMD 1206 (3216 Metric), square (rectangular) end terminal, IPC_7351 nominal with elongated pad for handsoldering. (Body size source: http://www.tortai-tech.com/upload/download/2011102023233369053.pdf), generated with kicad-footprint-generator")
    (tags "resistor handsolder")
    (attr smd)
    (fp_text reference REF** (at 0 1.82) (layer B.SilkS) hide
      (effects (font (size 1 1) (thickness 0.15)) (justify mirror))
    )
    (fp_text value R_1206_3216Metric_Pad1.42x1.75mm_HandSolder (at 0 -1.82) (layer B.Fab) hide
      (effects (font (size 1 1) (thickness 0.15)) (justify mirror))
    )
    (fp_line (start 2.45 -1.12) (end -2.45 -1.12) (layer B.CrtYd) (width 0.05))
    (fp_line (start 2.45 1.12) (end 2.45 -1.12) (layer B.CrtYd) (width 0.05))
    (fp_line (start -2.45 1.12) (end 2.45 1.12) (layer B.CrtYd) (width 0.05))
    (fp_line (start -2.45 -1.12) (end -2.45 1.12) (layer B.CrtYd) (width 0.05))
    (fp_line (start -0.602064 -0.91) (end 0.602064 -0.91) (layer B.SilkS) (width 0.12))
    (fp_line (start -0.602064 0.91) (end 0.602064 0.91) (layer B.SilkS) (width 0.12))
    (fp_line (start 1.6 -0.8) (end -1.6 -0.8) (layer B.Fab) (width 0.1))
    (fp_line (start 1.6 0.8) (end 1.6 -0.8) (layer B.Fab) (width 0.1))
    (fp_line (start -1.6 0.8) (end 1.6 0.8) (layer B.Fab) (width 0.1))
    (fp_line (start -1.6 -0.8) (end -1.6 0.8) (layer B.Fab) (width 0.1))
    (fp_text user %R (at 0 0) (layer B.Fab)
      (effects (font (size 0.8 0.8) (thickness 0.12)) (justify mirror))
    )
    (pad 2 smd roundrect (at 1.4875 0) (size 1.425 1.75) (layers B.Cu B.Paste B.Mask) (roundrect_rratio 0.175439))
    (pad 1 smd roundrect (at -1.4875 0) (size 1.425 1.75) (layers B.Cu B.Paste B.Mask) (roundrect_rratio 0.175439))
    (model ${KISYS3DMOD}/Resistor_SMD.3dshapes/R_1206_3216Metric.wrl
      (at (xyz 0 0 0))
      (scale (xyz 1 1 1))
      (rotate (xyz 0 0 0))
    )
  )

  (module Resistor_SMD:R_1206_3216Metric_Pad1.42x1.75mm_HandSolder (layer B.Cu) (tedit 5B301BBD) (tstamp 5F6646B0)
    (at 86.36 58.42)
    (descr "Resistor SMD 1206 (3216 Metric), square (rectangular) end terminal, IPC_7351 nominal with elongated pad for handsoldering. (Body size source: http://www.tortai-tech.com/upload/download/2011102023233369053.pdf), generated with kicad-footprint-generator")
    (tags "resistor handsolder")
    (attr smd)
    (fp_text reference REF** (at 0 1.82) (layer B.SilkS) hide
      (effects (font (size 1 1) (thickness 0.15)) (justify mirror))
    )
    (fp_text value R_1206_3216Metric_Pad1.42x1.75mm_HandSolder (at 0 -1.82) (layer B.Fab) hide
      (effects (font (size 1 1) (thickness 0.15)) (justify mirror))
    )
    (fp_line (start -1.6 -0.8) (end -1.6 0.8) (layer B.Fab) (width 0.1))
    (fp_line (start -1.6 0.8) (end 1.6 0.8) (layer B.Fab) (width 0.1))
    (fp_line (start 1.6 0.8) (end 1.6 -0.8) (layer B.Fab) (width 0.1))
    (fp_line (start 1.6 -0.8) (end -1.6 -0.8) (layer B.Fab) (width 0.1))
    (fp_line (start -0.602064 0.91) (end 0.602064 0.91) (layer B.SilkS) (width 0.12))
    (fp_line (start -0.602064 -0.91) (end 0.602064 -0.91) (layer B.SilkS) (width 0.12))
    (fp_line (start -2.45 -1.12) (end -2.45 1.12) (layer B.CrtYd) (width 0.05))
    (fp_line (start -2.45 1.12) (end 2.45 1.12) (layer B.CrtYd) (width 0.05))
    (fp_line (start 2.45 1.12) (end 2.45 -1.12) (layer B.CrtYd) (width 0.05))
    (fp_line (start 2.45 -1.12) (end -2.45 -1.12) (layer B.CrtYd) (width 0.05))
    (fp_text user %R (at 0 0) (layer B.Fab)
      (effects (font (size 0.8 0.8) (thickness 0.12)) (justify mirror))
    )
    (pad 1 smd roundrect (at -1.4875 0) (size 1.425 1.75) (layers B.Cu B.Paste B.Mask) (roundrect_rratio 0.175439))
    (pad 2 smd roundrect (at 1.4875 0) (size 1.425 1.75) (layers B.Cu B.Paste B.Mask) (roundrect_rratio 0.175439))
    (model ${KISYS3DMOD}/Resistor_SMD.3dshapes/R_1206_3216Metric.wrl
      (at (xyz 0 0 0))
      (scale (xyz 1 1 1))
      (rotate (xyz 0 0 0))
    )
  )

  (module Resistor_SMD:R_1206_3216Metric_Pad1.42x1.75mm_HandSolder (layer B.Cu) (tedit 5B301BBD) (tstamp 5F664655)
    (at 86.36 60.96)
    (descr "Resistor SMD 1206 (3216 Metric), square (rectangular) end terminal, IPC_7351 nominal with elongated pad for handsoldering. (Body size source: http://www.tortai-tech.com/upload/download/2011102023233369053.pdf), generated with kicad-footprint-generator")
    (tags "resistor handsolder")
    (attr smd)
    (fp_text reference REF** (at 0 1.82) (layer B.SilkS) hide
      (effects (font (size 1 1) (thickness 0.15)) (justify mirror))
    )
    (fp_text value R_1206_3216Metric_Pad1.42x1.75mm_HandSolder (at 0 -1.82) (layer B.Fab) hide
      (effects (font (size 1 1) (thickness 0.15)) (justify mirror))
    )
    (fp_line (start 2.45 -1.12) (end -2.45 -1.12) (layer B.CrtYd) (width 0.05))
    (fp_line (start 2.45 1.12) (end 2.45 -1.12) (layer B.CrtYd) (width 0.05))
    (fp_line (start -2.45 1.12) (end 2.45 1.12) (layer B.CrtYd) (width 0.05))
    (fp_line (start -2.45 -1.12) (end -2.45 1.12) (layer B.CrtYd) (width 0.05))
    (fp_line (start -0.602064 -0.91) (end 0.602064 -0.91) (layer B.SilkS) (width 0.12))
    (fp_line (start -0.602064 0.91) (end 0.602064 0.91) (layer B.SilkS) (width 0.12))
    (fp_line (start 1.6 -0.8) (end -1.6 -0.8) (layer B.Fab) (width 0.1))
    (fp_line (start 1.6 0.8) (end 1.6 -0.8) (layer B.Fab) (width 0.1))
    (fp_line (start -1.6 0.8) (end 1.6 0.8) (layer B.Fab) (width 0.1))
    (fp_line (start -1.6 -0.8) (end -1.6 0.8) (layer B.Fab) (width 0.1))
    (fp_text user %R (at 0 0) (layer B.Fab)
      (effects (font (size 0.8 0.8) (thickness 0.12)) (justify mirror))
    )
    (pad 2 smd roundrect (at 1.4875 0) (size 1.425 1.75) (layers B.Cu B.Paste B.Mask) (roundrect_rratio 0.175439))
    (pad 1 smd roundrect (at -1.4875 0) (size 1.425 1.75) (layers B.Cu B.Paste B.Mask) (roundrect_rratio 0.175439))
    (model ${KISYS3DMOD}/Resistor_SMD.3dshapes/R_1206_3216Metric.wrl
      (at (xyz 0 0 0))
      (scale (xyz 1 1 1))
      (rotate (xyz 0 0 0))
    )
  )

  (module Package_TO_SOT_THT:TO-92L_Inline (layer F.Cu) (tedit 5A279A44) (tstamp 5F663FC3)
    (at 95.885 74.422)
    (descr "TO-92L leads in-line (large body variant of TO-92), also known as TO-226, wide, drill 0.75mm (see https://www.diodes.com/assets/Package-Files/TO92L.pdf and http://www.ti.com/lit/an/snoa059/snoa059.pdf)")
    (tags "TO-92L Inline Wide transistor")
    (fp_text reference REF** (at 1.19 -3.56) (layer F.SilkS) hide
      (effects (font (size 1 1) (thickness 0.15)))
    )
    (fp_text value TO-92L_Inline (at 1.19 2.79) (layer F.Fab) hide
      (effects (font (size 1 1) (thickness 0.15)))
    )
    (fp_line (start -0.75 1.7) (end 3.1 1.7) (layer F.SilkS) (width 0.12))
    (fp_line (start -0.7 1.6) (end 3.05 1.6) (layer F.Fab) (width 0.1))
    (fp_line (start -1.55 -2.75) (end 3.95 -2.75) (layer F.CrtYd) (width 0.05))
    (fp_line (start -1.55 -2.75) (end -1.55 1.85) (layer F.CrtYd) (width 0.05))
    (fp_line (start 3.95 1.85) (end 3.95 -2.75) (layer F.CrtYd) (width 0.05))
    (fp_line (start 3.95 1.85) (end -1.55 1.85) (layer F.CrtYd) (width 0.05))
    (fp_text user %R (at 1.19 -3.56) (layer F.Fab)
      (effects (font (size 1 1) (thickness 0.15)))
    )
    (fp_arc (start 1.19 0) (end -0.75 1.7) (angle 262.164354) (layer F.SilkS) (width 0.12))
    (fp_arc (start 1.19 0) (end 1.19 -2.48) (angle 129.9527847) (layer F.Fab) (width 0.1))
    (fp_arc (start 1.19 0) (end 1.19 -2.48) (angle -130.2499344) (layer F.Fab) (width 0.1))
    (pad 2 thru_hole roundrect (at 1.27 0) (size 1.05 1.5) (drill 0.75) (layers *.Cu *.Mask) (roundrect_rratio 0.25))
    (pad 3 thru_hole roundrect (at 2.54 0) (size 1.05 1.5) (drill 0.75) (layers *.Cu *.Mask) (roundrect_rratio 0.25))
    (pad 1 thru_hole rect (at 0 0) (size 1.05 1.5) (drill 0.75) (layers *.Cu *.Mask))
    (model ${KISYS3DMOD}/Package_TO_SOT_THT.3dshapes/TO-92L_Inline.wrl
      (at (xyz 0 0 0))
      (scale (xyz 1 1 1))
      (rotate (xyz 0 0 0))
    )
  )

  (module Package_TO_SOT_THT:TO-92L_Inline (layer F.Cu) (tedit 5A279A44) (tstamp 5F663FA3)
    (at 95.885 68.58)
    (descr "TO-92L leads in-line (large body variant of TO-92), also known as TO-226, wide, drill 0.75mm (see https://www.diodes.com/assets/Package-Files/TO92L.pdf and http://www.ti.com/lit/an/snoa059/snoa059.pdf)")
    (tags "TO-92L Inline Wide transistor")
    (fp_text reference REF** (at 1.19 -3.56) (layer F.SilkS) hide
      (effects (font (size 1 1) (thickness 0.15)))
    )
    (fp_text value TO-92L_Inline (at 1.19 2.79) (layer F.Fab) hide
      (effects (font (size 1 1) (thickness 0.15)))
    )
    (fp_line (start 3.95 1.85) (end -1.55 1.85) (layer F.CrtYd) (width 0.05))
    (fp_line (start 3.95 1.85) (end 3.95 -2.75) (layer F.CrtYd) (width 0.05))
    (fp_line (start -1.55 -2.75) (end -1.55 1.85) (layer F.CrtYd) (width 0.05))
    (fp_line (start -1.55 -2.75) (end 3.95 -2.75) (layer F.CrtYd) (width 0.05))
    (fp_line (start -0.7 1.6) (end 3.05 1.6) (layer F.Fab) (width 0.1))
    (fp_line (start -0.75 1.7) (end 3.1 1.7) (layer F.SilkS) (width 0.12))
    (fp_arc (start 1.19 0) (end 1.19 -2.48) (angle -130.2499344) (layer F.Fab) (width 0.1))
    (fp_arc (start 1.19 0) (end 1.19 -2.48) (angle 129.9527847) (layer F.Fab) (width 0.1))
    (fp_arc (start 1.19 0) (end -0.75 1.7) (angle 262.164354) (layer F.SilkS) (width 0.12))
    (fp_text user %R (at 1.19 -3.56) (layer F.Fab)
      (effects (font (size 1 1) (thickness 0.15)))
    )
    (pad 1 thru_hole rect (at 0 0) (size 1.05 1.5) (drill 0.75) (layers *.Cu *.Mask))
    (pad 3 thru_hole roundrect (at 2.54 0) (size 1.05 1.5) (drill 0.75) (layers *.Cu *.Mask) (roundrect_rratio 0.25))
    (pad 2 thru_hole roundrect (at 1.27 0) (size 1.05 1.5) (drill 0.75) (layers *.Cu *.Mask) (roundrect_rratio 0.25))
    (model ${KISYS3DMOD}/Package_TO_SOT_THT.3dshapes/TO-92L_Inline.wrl
      (at (xyz 0 0 0))
      (scale (xyz 1 1 1))
      (rotate (xyz 0 0 0))
    )
  )

  (module Package_TO_SOT_THT:TO-92L_Inline (layer F.Cu) (tedit 5A279A44) (tstamp 5F663F83)
    (at 95.885 62.738)
    (descr "TO-92L leads in-line (large body variant of TO-92), also known as TO-226, wide, drill 0.75mm (see https://www.diodes.com/assets/Package-Files/TO92L.pdf and http://www.ti.com/lit/an/snoa059/snoa059.pdf)")
    (tags "TO-92L Inline Wide transistor")
    (fp_text reference REF** (at 1.19 -3.56) (layer F.SilkS) hide
      (effects (font (size 1 1) (thickness 0.15)))
    )
    (fp_text value TO-92L_Inline (at 1.19 2.79) (layer F.Fab) hide
      (effects (font (size 1 1) (thickness 0.15)))
    )
    (fp_line (start -0.75 1.7) (end 3.1 1.7) (layer F.SilkS) (width 0.12))
    (fp_line (start -0.7 1.6) (end 3.05 1.6) (layer F.Fab) (width 0.1))
    (fp_line (start -1.55 -2.75) (end 3.95 -2.75) (layer F.CrtYd) (width 0.05))
    (fp_line (start -1.55 -2.75) (end -1.55 1.85) (layer F.CrtYd) (width 0.05))
    (fp_line (start 3.95 1.85) (end 3.95 -2.75) (layer F.CrtYd) (width 0.05))
    (fp_line (start 3.95 1.85) (end -1.55 1.85) (layer F.CrtYd) (width 0.05))
    (fp_text user %R (at 1.19 -3.56) (layer F.Fab)
      (effects (font (size 1 1) (thickness 0.15)))
    )
    (fp_arc (start 1.19 0) (end -0.75 1.7) (angle 262.164354) (layer F.SilkS) (width 0.12))
    (fp_arc (start 1.19 0) (end 1.19 -2.48) (angle 129.9527847) (layer F.Fab) (width 0.1))
    (fp_arc (start 1.19 0) (end 1.19 -2.48) (angle -130.2499344) (layer F.Fab) (width 0.1))
    (pad 2 thru_hole roundrect (at 1.27 0) (size 1.05 1.5) (drill 0.75) (layers *.Cu *.Mask) (roundrect_rratio 0.25))
    (pad 3 thru_hole roundrect (at 2.54 0) (size 1.05 1.5) (drill 0.75) (layers *.Cu *.Mask) (roundrect_rratio 0.25))
    (pad 1 thru_hole rect (at 0 0) (size 1.05 1.5) (drill 0.75) (layers *.Cu *.Mask))
    (model ${KISYS3DMOD}/Package_TO_SOT_THT.3dshapes/TO-92L_Inline.wrl
      (at (xyz 0 0 0))
      (scale (xyz 1 1 1))
      (rotate (xyz 0 0 0))
    )
  )

  (module Package_TO_SOT_THT:TO-92L_Inline (layer F.Cu) (tedit 5A279A44) (tstamp 5F663F63)
    (at 95.885 57.15)
    (descr "TO-92L leads in-line (large body variant of TO-92), also known as TO-226, wide, drill 0.75mm (see https://www.diodes.com/assets/Package-Files/TO92L.pdf and http://www.ti.com/lit/an/snoa059/snoa059.pdf)")
    (tags "TO-92L Inline Wide transistor")
    (fp_text reference REF** (at 1.19 -3.56) (layer F.SilkS) hide
      (effects (font (size 1 1) (thickness 0.15)))
    )
    (fp_text value TO-92L_Inline (at 1.19 2.79) (layer F.Fab) hide
      (effects (font (size 1 1) (thickness 0.15)))
    )
    (fp_line (start 3.95 1.85) (end -1.55 1.85) (layer F.CrtYd) (width 0.05))
    (fp_line (start 3.95 1.85) (end 3.95 -2.75) (layer F.CrtYd) (width 0.05))
    (fp_line (start -1.55 -2.75) (end -1.55 1.85) (layer F.CrtYd) (width 0.05))
    (fp_line (start -1.55 -2.75) (end 3.95 -2.75) (layer F.CrtYd) (width 0.05))
    (fp_line (start -0.7 1.6) (end 3.05 1.6) (layer F.Fab) (width 0.1))
    (fp_line (start -0.75 1.7) (end 3.1 1.7) (layer F.SilkS) (width 0.12))
    (fp_arc (start 1.19 0) (end 1.19 -2.48) (angle -130.2499344) (layer F.Fab) (width 0.1))
    (fp_arc (start 1.19 0) (end 1.19 -2.48) (angle 129.9527847) (layer F.Fab) (width 0.1))
    (fp_arc (start 1.19 0) (end -0.75 1.7) (angle 262.164354) (layer F.SilkS) (width 0.12))
    (fp_text user %R (at 1.19 -3.56) (layer F.Fab)
      (effects (font (size 1 1) (thickness 0.15)))
    )
    (pad 1 thru_hole rect (at 0 0) (size 1.05 1.5) (drill 0.75) (layers *.Cu *.Mask))
    (pad 3 thru_hole roundrect (at 2.54 0) (size 1.05 1.5) (drill 0.75) (layers *.Cu *.Mask) (roundrect_rratio 0.25))
    (pad 2 thru_hole roundrect (at 1.27 0) (size 1.05 1.5) (drill 0.75) (layers *.Cu *.Mask) (roundrect_rratio 0.25))
    (model ${KISYS3DMOD}/Package_TO_SOT_THT.3dshapes/TO-92L_Inline.wrl
      (at (xyz 0 0 0))
      (scale (xyz 1 1 1))
      (rotate (xyz 0 0 0))
    )
  )

  (module Resistor_SMD:R_1206_3216Metric_Pad1.42x1.75mm_HandSolder (layer F.Cu) (tedit 5B301BBD) (tstamp 5F6639F9)
    (at 92.964 70.231 90)
    (descr "Resistor SMD 1206 (3216 Metric), square (rectangular) end terminal, IPC_7351 nominal with elongated pad for handsoldering. (Body size source: http://www.tortai-tech.com/upload/download/2011102023233369053.pdf), generated with kicad-footprint-generator")
    (tags "resistor handsolder")
    (attr smd)
    (fp_text reference REF** (at 0 -1.82 90) (layer F.SilkS) hide
      (effects (font (size 1 1) (thickness 0.15)))
    )
    (fp_text value R_1206_3216Metric_Pad1.42x1.75mm_HandSolder (at 0 1.82 90) (layer F.Fab) hide
      (effects (font (size 1 1) (thickness 0.15)))
    )
    (fp_line (start -1.6 0.8) (end -1.6 -0.8) (layer F.Fab) (width 0.1))
    (fp_line (start -1.6 -0.8) (end 1.6 -0.8) (layer F.Fab) (width 0.1))
    (fp_line (start 1.6 -0.8) (end 1.6 0.8) (layer F.Fab) (width 0.1))
    (fp_line (start 1.6 0.8) (end -1.6 0.8) (layer F.Fab) (width 0.1))
    (fp_line (start -0.602064 -0.91) (end 0.602064 -0.91) (layer F.SilkS) (width 0.12))
    (fp_line (start -0.602064 0.91) (end 0.602064 0.91) (layer F.SilkS) (width 0.12))
    (fp_line (start -2.45 1.12) (end -2.45 -1.12) (layer F.CrtYd) (width 0.05))
    (fp_line (start -2.45 -1.12) (end 2.45 -1.12) (layer F.CrtYd) (width 0.05))
    (fp_line (start 2.45 -1.12) (end 2.45 1.12) (layer F.CrtYd) (width 0.05))
    (fp_line (start 2.45 1.12) (end -2.45 1.12) (layer F.CrtYd) (width 0.05))
    (fp_text user %R (at 0 0 90) (layer F.Fab)
      (effects (font (size 0.8 0.8) (thickness 0.12)))
    )
    (pad 1 smd roundrect (at -1.4875 0 90) (size 1.425 1.75) (layers F.Cu F.Paste F.Mask) (roundrect_rratio 0.175439))
    (pad 2 smd roundrect (at 1.4875 0 90) (size 1.425 1.75) (layers F.Cu F.Paste F.Mask) (roundrect_rratio 0.175439))
    (model ${KISYS3DMOD}/Resistor_SMD.3dshapes/R_1206_3216Metric.wrl
      (at (xyz 0 0 0))
      (scale (xyz 1 1 1))
      (rotate (xyz 0 0 0))
    )
  )

  (module Resistor_SMD:R_1206_3216Metric_Pad1.42x1.75mm_HandSolder (layer F.Cu) (tedit 5B301BBD) (tstamp 5F6639C7)
    (at 92.964 65.278 90)
    (descr "Resistor SMD 1206 (3216 Metric), square (rectangular) end terminal, IPC_7351 nominal with elongated pad for handsoldering. (Body size source: http://www.tortai-tech.com/upload/download/2011102023233369053.pdf), generated with kicad-footprint-generator")
    (tags "resistor handsolder")
    (attr smd)
    (fp_text reference REF** (at 0 -1.82 90) (layer F.SilkS) hide
      (effects (font (size 1 1) (thickness 0.15)))
    )
    (fp_text value R_1206_3216Metric_Pad1.42x1.75mm_HandSolder (at 0 1.82 90) (layer F.Fab) hide
      (effects (font (size 1 1) (thickness 0.15)))
    )
    (fp_line (start 2.45 1.12) (end -2.45 1.12) (layer F.CrtYd) (width 0.05))
    (fp_line (start 2.45 -1.12) (end 2.45 1.12) (layer F.CrtYd) (width 0.05))
    (fp_line (start -2.45 -1.12) (end 2.45 -1.12) (layer F.CrtYd) (width 0.05))
    (fp_line (start -2.45 1.12) (end -2.45 -1.12) (layer F.CrtYd) (width 0.05))
    (fp_line (start -0.602064 0.91) (end 0.602064 0.91) (layer F.SilkS) (width 0.12))
    (fp_line (start -0.602064 -0.91) (end 0.602064 -0.91) (layer F.SilkS) (width 0.12))
    (fp_line (start 1.6 0.8) (end -1.6 0.8) (layer F.Fab) (width 0.1))
    (fp_line (start 1.6 -0.8) (end 1.6 0.8) (layer F.Fab) (width 0.1))
    (fp_line (start -1.6 -0.8) (end 1.6 -0.8) (layer F.Fab) (width 0.1))
    (fp_line (start -1.6 0.8) (end -1.6 -0.8) (layer F.Fab) (width 0.1))
    (fp_text user %R (at 0 0 90) (layer F.Fab)
      (effects (font (size 0.8 0.8) (thickness 0.12)))
    )
    (pad 2 smd roundrect (at 1.4875 0 90) (size 1.425 1.75) (layers F.Cu F.Paste F.Mask) (roundrect_rratio 0.175439))
    (pad 1 smd roundrect (at -1.4875 0 90) (size 1.425 1.75) (layers F.Cu F.Paste F.Mask) (roundrect_rratio 0.175439))
    (model ${KISYS3DMOD}/Resistor_SMD.3dshapes/R_1206_3216Metric.wrl
      (at (xyz 0 0 0))
      (scale (xyz 1 1 1))
      (rotate (xyz 0 0 0))
    )
  )

  (module Resistor_SMD:R_1206_3216Metric_Pad1.42x1.75mm_HandSolder (layer F.Cu) (tedit 5B301BBD) (tstamp 5F66822C)
    (at 92.964 60.325 90)
    (descr "Resistor SMD 1206 (3216 Metric), square (rectangular) end terminal, IPC_7351 nominal with elongated pad for handsoldering. (Body size source: http://www.tortai-tech.com/upload/download/2011102023233369053.pdf), generated with kicad-footprint-generator")
    (tags "resistor handsolder")
    (attr smd)
    (fp_text reference REF** (at 0 -1.82 90) (layer F.SilkS) hide
      (effects (font (size 1 1) (thickness 0.15)))
    )
    (fp_text value R_1206_3216Metric_Pad1.42x1.75mm_HandSolder (at 0 1.82 90) (layer F.Fab) hide
      (effects (font (size 1 1) (thickness 0.15)))
    )
    (fp_line (start -1.6 0.8) (end -1.6 -0.8) (layer F.Fab) (width 0.1))
    (fp_line (start -1.6 -0.8) (end 1.6 -0.8) (layer F.Fab) (width 0.1))
    (fp_line (start 1.6 -0.8) (end 1.6 0.8) (layer F.Fab) (width 0.1))
    (fp_line (start 1.6 0.8) (end -1.6 0.8) (layer F.Fab) (width 0.1))
    (fp_line (start -0.602064 -0.91) (end 0.602064 -0.91) (layer F.SilkS) (width 0.12))
    (fp_line (start -0.602064 0.91) (end 0.602064 0.91) (layer F.SilkS) (width 0.12))
    (fp_line (start -2.45 1.12) (end -2.45 -1.12) (layer F.CrtYd) (width 0.05))
    (fp_line (start -2.45 -1.12) (end 2.45 -1.12) (layer F.CrtYd) (width 0.05))
    (fp_line (start 2.45 -1.12) (end 2.45 1.12) (layer F.CrtYd) (width 0.05))
    (fp_line (start 2.45 1.12) (end -2.45 1.12) (layer F.CrtYd) (width 0.05))
    (fp_text user %R (at 0 0 90) (layer F.Fab)
      (effects (font (size 0.8 0.8) (thickness 0.12)))
    )
    (pad 1 smd roundrect (at -1.4875 0 90) (size 1.425 1.75) (layers F.Cu F.Paste F.Mask) (roundrect_rratio 0.175439))
    (pad 2 smd roundrect (at 1.4875 0 90) (size 1.425 1.75) (layers F.Cu F.Paste F.Mask) (roundrect_rratio 0.175439))
    (model ${KISYS3DMOD}/Resistor_SMD.3dshapes/R_1206_3216Metric.wrl
      (at (xyz 0 0 0))
      (scale (xyz 1 1 1))
      (rotate (xyz 0 0 0))
    )
  )

  (module Resistor_SMD:R_1206_3216Metric_Pad1.42x1.75mm_HandSolder (layer F.Cu) (tedit 5B301BBD) (tstamp 5F663961)
    (at 92.964 55.372 90)
    (descr "Resistor SMD 1206 (3216 Metric), square (rectangular) end terminal, IPC_7351 nominal with elongated pad for handsoldering. (Body size source: http://www.tortai-tech.com/upload/download/2011102023233369053.pdf), generated with kicad-footprint-generator")
    (tags "resistor handsolder")
    (attr smd)
    (fp_text reference REF** (at 0 -1.82 90) (layer F.SilkS) hide
      (effects (font (size 1 1) (thickness 0.15)))
    )
    (fp_text value R_1206_3216Metric_Pad1.42x1.75mm_HandSolder (at 0 1.82 90) (layer F.Fab) hide
      (effects (font (size 1 1) (thickness 0.15)))
    )
    (fp_line (start 2.45 1.12) (end -2.45 1.12) (layer F.CrtYd) (width 0.05))
    (fp_line (start 2.45 -1.12) (end 2.45 1.12) (layer F.CrtYd) (width 0.05))
    (fp_line (start -2.45 -1.12) (end 2.45 -1.12) (layer F.CrtYd) (width 0.05))
    (fp_line (start -2.45 1.12) (end -2.45 -1.12) (layer F.CrtYd) (width 0.05))
    (fp_line (start -0.602064 0.91) (end 0.602064 0.91) (layer F.SilkS) (width 0.12))
    (fp_line (start -0.602064 -0.91) (end 0.602064 -0.91) (layer F.SilkS) (width 0.12))
    (fp_line (start 1.6 0.8) (end -1.6 0.8) (layer F.Fab) (width 0.1))
    (fp_line (start 1.6 -0.8) (end 1.6 0.8) (layer F.Fab) (width 0.1))
    (fp_line (start -1.6 -0.8) (end 1.6 -0.8) (layer F.Fab) (width 0.1))
    (fp_line (start -1.6 0.8) (end -1.6 -0.8) (layer F.Fab) (width 0.1))
    (fp_text user %R (at 0 0 90) (layer F.Fab)
      (effects (font (size 0.8 0.8) (thickness 0.12)))
    )
    (pad 2 smd roundrect (at 1.4875 0 90) (size 1.425 1.75) (layers F.Cu F.Paste F.Mask) (roundrect_rratio 0.175439))
    (pad 1 smd roundrect (at -1.4875 0 90) (size 1.425 1.75) (layers F.Cu F.Paste F.Mask) (roundrect_rratio 0.175439))
    (model ${KISYS3DMOD}/Resistor_SMD.3dshapes/R_1206_3216Metric.wrl
      (at (xyz 0 0 0))
      (scale (xyz 1 1 1))
      (rotate (xyz 0 0 0))
    )
  )

  (module Package_DIP:DIP-14_W7.62mm_Socket (layer F.Cu) (tedit 5A02E8C5) (tstamp 5F66012A)
    (at 82.55 55.88)
    (descr "14-lead though-hole mounted DIP package, row spacing 7.62 mm (300 mils), Socket")
    (tags "THT DIP DIL PDIP 2.54mm 7.62mm 300mil Socket")
    (fp_text reference tiny84 (at 3.81 7.62) (layer F.SilkS)
      (effects (font (size 1 1) (thickness 0.15)))
    )
    (fp_text value DIP-14_W7.62mm_Socket (at 3.81 17.57) (layer F.Fab) hide
      (effects (font (size 1 1) (thickness 0.15)))
    )
    (fp_line (start 9.15 -1.6) (end -1.55 -1.6) (layer F.CrtYd) (width 0.05))
    (fp_line (start 9.15 16.85) (end 9.15 -1.6) (layer F.CrtYd) (width 0.05))
    (fp_line (start -1.55 16.85) (end 9.15 16.85) (layer F.CrtYd) (width 0.05))
    (fp_line (start -1.55 -1.6) (end -1.55 16.85) (layer F.CrtYd) (width 0.05))
    (fp_line (start 8.95 -1.39) (end -1.33 -1.39) (layer F.SilkS) (width 0.12))
    (fp_line (start 8.95 16.63) (end 8.95 -1.39) (layer F.SilkS) (width 0.12))
    (fp_line (start -1.33 16.63) (end 8.95 16.63) (layer F.SilkS) (width 0.12))
    (fp_line (start -1.33 -1.39) (end -1.33 16.63) (layer F.SilkS) (width 0.12))
    (fp_line (start 6.46 -1.33) (end 4.81 -1.33) (layer F.SilkS) (width 0.12))
    (fp_line (start 6.46 16.57) (end 6.46 -1.33) (layer F.SilkS) (width 0.12))
    (fp_line (start 1.16 16.57) (end 6.46 16.57) (layer F.SilkS) (width 0.12))
    (fp_line (start 1.16 -1.33) (end 1.16 16.57) (layer F.SilkS) (width 0.12))
    (fp_line (start 2.81 -1.33) (end 1.16 -1.33) (layer F.SilkS) (width 0.12))
    (fp_line (start 8.89 -1.33) (end -1.27 -1.33) (layer F.Fab) (width 0.1))
    (fp_line (start 8.89 16.57) (end 8.89 -1.33) (layer F.Fab) (width 0.1))
    (fp_line (start -1.27 16.57) (end 8.89 16.57) (layer F.Fab) (width 0.1))
    (fp_line (start -1.27 -1.33) (end -1.27 16.57) (layer F.Fab) (width 0.1))
    (fp_line (start 0.635 -0.27) (end 1.635 -1.27) (layer F.Fab) (width 0.1))
    (fp_line (start 0.635 16.51) (end 0.635 -0.27) (layer F.Fab) (width 0.1))
    (fp_line (start 6.985 16.51) (end 0.635 16.51) (layer F.Fab) (width 0.1))
    (fp_line (start 6.985 -1.27) (end 6.985 16.51) (layer F.Fab) (width 0.1))
    (fp_line (start 1.635 -1.27) (end 6.985 -1.27) (layer F.Fab) (width 0.1))
    (fp_text user %R (at 3.81 7.62) (layer F.Fab)
      (effects (font (size 1 1) (thickness 0.15)))
    )
    (fp_arc (start 3.81 -1.33) (end 2.81 -1.33) (angle -180) (layer F.SilkS) (width 0.12))
    (pad 14 thru_hole oval (at 7.62 0) (size 1.6 1.6) (drill 0.8) (layers *.Cu *.Mask))
    (pad 7 thru_hole oval (at 0 15.24) (size 1.6 1.6) (drill 0.8) (layers *.Cu *.Mask))
    (pad 13 thru_hole oval (at 7.62 2.54) (size 1.6 1.6) (drill 0.8) (layers *.Cu *.Mask))
    (pad 6 thru_hole oval (at 0 12.7) (size 1.6 1.6) (drill 0.8) (layers *.Cu *.Mask))
    (pad 12 thru_hole oval (at 7.62 5.08) (size 1.6 1.6) (drill 0.8) (layers *.Cu *.Mask))
    (pad 5 thru_hole oval (at 0 10.16) (size 1.6 1.6) (drill 0.8) (layers *.Cu *.Mask))
    (pad 11 thru_hole oval (at 7.62 7.62) (size 1.6 1.6) (drill 0.8) (layers *.Cu *.Mask))
    (pad 4 thru_hole oval (at 0 7.62) (size 1.6 1.6) (drill 0.8) (layers *.Cu *.Mask))
    (pad 10 thru_hole oval (at 7.62 10.16) (size 1.6 1.6) (drill 0.8) (layers *.Cu *.Mask))
    (pad 3 thru_hole oval (at 0 5.08) (size 1.6 1.6) (drill 0.8) (layers *.Cu *.Mask))
    (pad 9 thru_hole oval (at 7.62 12.7) (size 1.6 1.6) (drill 0.8) (layers *.Cu *.Mask))
    (pad 2 thru_hole oval (at 0 2.54) (size 1.6 1.6) (drill 0.8) (layers *.Cu *.Mask))
    (pad 8 thru_hole oval (at 7.62 15.24) (size 1.6 1.6) (drill 0.8) (layers *.Cu *.Mask))
    (pad 1 thru_hole rect (at 0 0) (size 1.6 1.6) (drill 0.8) (layers *.Cu *.Mask))
    (model ${KISYS3DMOD}/Package_DIP.3dshapes/DIP-14_W7.62mm_Socket.wrl
      (at (xyz 0 0 0))
      (scale (xyz 1 1 1))
      (rotate (xyz 0 0 0))
    )
  )

  (module Capacitor_THT:CP_Radial_D6.3mm_P2.50mm (layer F.Cu) (tedit 5AE50EF0) (tstamp 5F662AD8)
    (at 81.026 50.546 90)
    (descr "CP, Radial series, Radial, pin pitch=2.50mm, , diameter=6.3mm, Electrolytic Capacitor")
    (tags "CP Radial series Radial pin pitch 2.50mm  diameter 6.3mm Electrolytic Capacitor")
    (fp_text reference C1 (at 0.254 2.032) (layer F.SilkS)
      (effects (font (size 1 1) (thickness 0.15)))
    )
    (fp_text value CP_Radial_D6.3mm_P2.50mm (at 1.25 4.4 90) (layer F.Fab) hide
      (effects (font (size 1 1) (thickness 0.15)))
    )
    (fp_line (start -1.935241 -2.154) (end -1.935241 -1.524) (layer F.SilkS) (width 0.12))
    (fp_line (start -2.250241 -1.839) (end -1.620241 -1.839) (layer F.SilkS) (width 0.12))
    (fp_line (start 4.491 -0.402) (end 4.491 0.402) (layer F.SilkS) (width 0.12))
    (fp_line (start 4.451 -0.633) (end 4.451 0.633) (layer F.SilkS) (width 0.12))
    (fp_line (start 4.411 -0.802) (end 4.411 0.802) (layer F.SilkS) (width 0.12))
    (fp_line (start 4.371 -0.94) (end 4.371 0.94) (layer F.SilkS) (width 0.12))
    (fp_line (start 4.331 -1.059) (end 4.331 1.059) (layer F.SilkS) (width 0.12))
    (fp_line (start 4.291 -1.165) (end 4.291 1.165) (layer F.SilkS) (width 0.12))
    (fp_line (start 4.251 -1.262) (end 4.251 1.262) (layer F.SilkS) (width 0.12))
    (fp_line (start 4.211 -1.35) (end 4.211 1.35) (layer F.SilkS) (width 0.12))
    (fp_line (start 4.171 -1.432) (end 4.171 1.432) (layer F.SilkS) (width 0.12))
    (fp_line (start 4.131 -1.509) (end 4.131 1.509) (layer F.SilkS) (width 0.12))
    (fp_line (start 4.091 -1.581) (end 4.091 1.581) (layer F.SilkS) (width 0.12))
    (fp_line (start 4.051 -1.65) (end 4.051 1.65) (layer F.SilkS) (width 0.12))
    (fp_line (start 4.011 -1.714) (end 4.011 1.714) (layer F.SilkS) (width 0.12))
    (fp_line (start 3.971 -1.776) (end 3.971 1.776) (layer F.SilkS) (width 0.12))
    (fp_line (start 3.931 -1.834) (end 3.931 1.834) (layer F.SilkS) (width 0.12))
    (fp_line (start 3.891 -1.89) (end 3.891 1.89) (layer F.SilkS) (width 0.12))
    (fp_line (start 3.851 -1.944) (end 3.851 1.944) (layer F.SilkS) (width 0.12))
    (fp_line (start 3.811 -1.995) (end 3.811 1.995) (layer F.SilkS) (width 0.12))
    (fp_line (start 3.771 -2.044) (end 3.771 2.044) (layer F.SilkS) (width 0.12))
    (fp_line (start 3.731 -2.092) (end 3.731 2.092) (layer F.SilkS) (width 0.12))
    (fp_line (start 3.691 -2.137) (end 3.691 2.137) (layer F.SilkS) (width 0.12))
    (fp_line (start 3.651 -2.182) (end 3.651 2.182) (layer F.SilkS) (width 0.12))
    (fp_line (start 3.611 -2.224) (end 3.611 2.224) (layer F.SilkS) (width 0.12))
    (fp_line (start 3.571 -2.265) (end 3.571 2.265) (layer F.SilkS) (width 0.12))
    (fp_line (start 3.531 1.04) (end 3.531 2.305) (layer F.SilkS) (width 0.12))
    (fp_line (start 3.531 -2.305) (end 3.531 -1.04) (layer F.SilkS) (width 0.12))
    (fp_line (start 3.491 1.04) (end 3.491 2.343) (layer F.SilkS) (width 0.12))
    (fp_line (start 3.491 -2.343) (end 3.491 -1.04) (layer F.SilkS) (width 0.12))
    (fp_line (start 3.451 1.04) (end 3.451 2.38) (layer F.SilkS) (width 0.12))
